1471
10474
11448
11238
3383
6540
5090
12276
7015
10692
6679
10815
8097
12431
2715
10604
1460
7831
12114
5475
12641
3895
162
1782
9007
9599
11825
1693
522
5819
1033
7694
3975
6980
11391
3896
1066
11779
9157
3228
6884
10792
12271
9486
11009
10613
9822
1543
9312
498
12088
12930
783
7166
4721
12544
11726
9345
2109
1091
8128
9531
5473
7149
7147
8297
12584
11446
3052
5432
2740
8941
2238
12953
1568
1845
2734
6542
7913
9332
6135
8564
3952
1798
7632
1785
2584
9628
9181
11824
9949
6688
12280
3246
839
9300
8190
7261
3257
6927
10882
11536
4475
10113
7650
12010
2294
9413
9145
10515
202
9301
10857
3041
6880
9393
4266
6307
5897
4021
7144
7884
4144
8623
7921
11192
8415
1974
257
5745
11255
7287
979
12352
5303
77
10100
10512
8794
1532
9691
6745
6219
7402
767
12482
1912
3077
6229
5514
7570
9943
12110
10083
12787
3074
1813
9331
6048
3022
1028
1400
8703
8372
8637
3038
3167
6330
2285
5459
2732
7721
7670
8384
230
9768
12463
9578
12498
3102
3532
84
9500
2616
8945
5649
299
239
6323
10052
2188
9593
7636
2370
6508
6582
13059
7427
9665
8090
5127
4491
892
6685
2434
10768
4376
3282
8099
440
12249
237
9403
4655
2543
11728
7366
2711
9141
1650
9726
4333
12168
8708
2477
12712
7083
6134
10069
12231
4572
3602
5375
7740
11562
866
8146
11024
12038
9176
12570
1899
10274
2284
2391
8616
1207
7667
8603
789
2852
6349
4525
6321
7171
12013
2651
858
155
8561
8246
5815
5056
1692
11324
2108
12192
2350
2197
1619
10600
12936
5096
496
4457
2327
12148
169
7414
919
1259
12695
11372
6698
451
10624
7452
8312
3789
3467
11957
6020
125
8556
9408
1037
6523
5174
11615
7939
7830
5481
633
13009
11539
8759
7700
9780
1148
8343
5743
11240
8904
1573
2708
3612
6721
10084
11092
3473
1018
5872
10266
4309
4812
10269
6928
664
2254
2027
12430
2112
10442
1039
4961
12805
7041
7820
4263
8947
7367
12823
4817
7137
1025
9748
1701
1026
8771
6217
7341
5933
7705
4362
9040
6868
143
5065
10396
628
11651
11734
1367
260
4307
558
9190
11326
11055
6443
5104
8718
2765
3585
8838
10470
11261
9480
8638
6282
8420
9683
3132
54
2657
11861
5625
3968
12564
5729
8606
7732
10794
5436
10411
4414
9970
8018
1273
8410
4427
6355
4595
2966
6392
11918
9306
3239
9702
4863
11743
4754
1780
9795
9011
12613
7737
1104
327
11751
2094
728
1235
5880
4547
7270
4966
3223
10144
5041
9678
5490
10190
12358
1871
7749
10165
651
5358
3862
7493
212
6859
12716
12927
8547
12452
12529
2495
1817
3682
7253
3627
2645
4887
9804
5775
2868
6842
11117
4683
12931
2937
7901
3504
11826
11817
3346
9869
6360
4848
1787
7695
3547
5163
4151
4441
7242
3699
3140
7175
385
8528
5793
8302
10287
10002
6553
9057
5913
3955
5707
11344
2676
10047
5818
5007
4540
9955
1930
12923
7037
11339
9224
2540
7944
8867
7742
3750
568
10551
12855
10103
4948
11870
11014
9252
6938
4413
2769
9385
11699
12121
9373
11400
8341
11526
5813
8787
7511
10991
537
2167
3491
5012
11670
150
5322
6804
10508
5189
6218
1101
9511
6180
551
11486
11068
2107
3865
2265
8701
12270
3176
1653
946
1124
6908
11026
12619
6651
1672
7958
5704
6302
7635
2281
11549
7730
6503
4183
12864
5408
1185
9826
3809
7206
1423
11920
6639
980
2139
173
5455
9322
4371
6994
13025
4876
2822
1512
5268
6911
9677
95
2043
12154
10043
11087
2154
5291
4945
5422
4837
4621
7682
5984
2620
726
7296
11657
2648
1224
1614
3178
10730
5753
6637
12828
4497
830
9936
902
11466
5696
8808
6580
9993
4665
2952
5772
59
6816
6618
11922
7912
9021
3449
12768
6568
9251
426
6717
3289
5863
2273
10663
5742
8184
8208
393
10019
12694
10004
7280
1199
4192
9878
6897
6649
9269
10864
1921
10017
11513
12804
9384
2554
5962
5700
1987
8163
9516
11803
12698
4411
7674
12829
1596
957
3108
8028
2865
7796
3522
2493
11097
6378
7403
10459
3521
2063
6546
1669
10360
9991
5249
11491
12793
1302
755
3529
3942
1838
6256
2553
10612
12472
5034
4488
6614
2404
1103
2872
2914
9559
11124
12689
11114
13055
5213
6270
7927
8835
9196
3877
8766
10417
22
9139
6394
7066
8960
9383
2286
9013
1014
9177
9209
6002
10945
1574
9278
7625
1816
4979
12048
6190
8484
8262
5781
4615
6088
4714
4338
3632
4997
4779
6273
11801
514
2500
12349
5010
10800
12894
11176
7372
11438
4104
9124
3953
9548
3008
176
5865
12887
4167
6040
309
1462
2993
8680
10931
2291
480
8226
10843
7985
5806
1498
679
7969
6385
12273
1710
2586
7736
7574
2695
3756
12591
10153
5766
9009
9073
5245
8612
5795
8859
4521
8768
5280
8238
12842
4300
5377
10854
9849
1001
1802
5208
2087
12761
9117
9583
103
5554
3382
9088
9367
6750
9109
8587
4145
2895
11267
5911
11315
2925
11509
4416
7466
6604
7374
6527
1219
6171
12226
6356
10676
12527
11595
2971
4409
8973
107
12096
1240
12488
11566
621
3648
3390
2967
7303
6224
8339
6952
7983
8084
10824
898
7456
8404
3308
1640
4378
5484
3625
11399
11815
871
10691
9025
11320
7813
6333
8991
11158
1873
4347
11044
5834
10227
7458
9171
3089
8965
12506
7755
6100
655
2754
8790
219
9632
10682
9355
4909
11903
5957
5410
9988
7676
12221
3406
131
7313
5756
11834
5094
4898
10996
3204
10646
10863
119
5043
1786
1531
11140
2934
8543
6537
6998
5621
122
5313
2483
10915
12631
7157
8337
3374
9079
10914
6491
7153
1131
12860
12676
7758
1222
7044
7612
2114
4164
8617
3432
3337
9184
10135
8845
10477
12424
11456
4792
1464
10643
3886
13064
8826
8193
10784
966
7649
6734
10141
3348
2272
1797
10167
7710
12621
6390
8497
9294
9302
1646
10186
6617
10769
8130
4351
11382
9995
4278
10563
11950
1950
12622
5014
7362
9857
4095
12353
4023
12419
5945
2082
7596
9091
5206
2743
5942
6225
4094
5692
9362
5846
261
11186
11981
3475
10947
12153
7619
8968
6829
9982
12326
7600
5053
11292
10127
6058
7434
5640
7300
4747
8294
6181
9276
896
2574
2661
2492
4312
5120
8164
1572
6369
7357
7090
2846
8011
1664
8232
6502
7902
11006
12567
6912
9445
3794
11069
10371
1301
8791
5638
962
11844
7929
3692
8192
2915
10805
9135
11138
8012
3899
9288
1758
6091
1847
2836
10588
4431
13036
2986
12991
3437
1007
9933
2920
5058
2005
4546
3408
6539
10328
7419
6506
770
8897
5098
10142
10774
9406
598
3683
4161
6485
4354
520
11108
2213
9941
3310
5194
5251
4661
11025
1955
11984
6636
4185
10136
4751
1323
2319
12523
2478
7143
12568
7459
2459
9721
1432
6037
3124
1714
6554
2818
6469
4204
13071
1387
7683
4851
7361
12309
4341
9538
4914
8569
8608
5092
5587
8901
11617
11680
5246
2016
3242
52
9221
10262
4293
5592
6167
10139
11103
1108
7787
4180
9258
11628
11646
12021
719
11720
8249
9045
8575
3893
5366
12601
6516
9026
12118
5848
10339
2568
3552
5394
6757
12072
1592
4027
12784
5470
6692
8145
6435
10102
10070
2666
11688
1623
9321
11866
7992
8974
10367
12578
870
2496
8005
11296
2960
8059
8269
5258
9855
5769
6083
7190
11983
6253
7326
8551
11111
2113
9911
439
1278
9266
8168
10902
1189
5425
11392
987
11710
5678
4933
7238
9645
3866
5070
1601
2913
11217
11678
3970
7583
5159
7757
9729
5307
615
3280
11327
4749
10599
11778
1331
2957
3209
9962
3863
12831
710
9027
11785
10690
2677
3188
10109
5316
7718
12320
3376
6832
4722
4432
8108
7536
11345
2070
7887
6961
6561
8911
944
1595
5371
12893
2763
4891
3730
4030
13015
8877
10110
159
2026
3150
339
4181
2130
6393
8233
3608
8160
4552
2524
10939
9108
1997
8700
1849
8887
9347
624
12301
11221
12803
13027
7050
4672
12844
12143
4449
2276
4043
3774
4423
8215
5576
1277
8279
1925
7460
3463
6052
923
11597
2594
8697
11594
4526
7339
10038
4438
7106
7617
6440
165
408
6322
9856
7155
7869
7614
185
12256
9749
1093
7203
8095
12973
6386
11606
11800
6388
3913
1137
8200
5744
11485
10960
11241
11600
3889
11245
2670
12235
354
126
1168
10697
296
5750
6261
9299
10373
12279
3698
1507
10196
5789
4462
4788
12056
7481
5315
8500
7904
4719
1128
9793
10129
493
4953
2686
12692
12381
7704
2072
10092
12824
9791
4089
4316
671
1267
3427
10546
10543
8148
4507
9956
2488
9942
4519
5002
5905
3526
4881
3525
3616
3935
7791
509
4047
12187
12975
3389
1721
820
5046
4951
9899
10866
7714
10766
2428
6862
4563
4069
7837
10729
906
12196
12627
6731
10506
2314
1084
1489
11421
2323
12455
585
5966
10174
8988
6125
11244
3928
6949
11766
2396
488
11702
2363
6157
5038
5209
1627
11863
4405
12717
6199
10117
9954
383
7325
3738
5373
1868
1717
5141
3757
7350
3624
6835
8432
3304
7965
12146
1766
5724
12763
1746
9789
12483
12647
3705
3048
7000
10565
7524
12255
11002
3250
10181
6309
5569
12486
8732
10086
9759
10937
8922
7677
9112
8819
11893
3370
10307
5970
465
10375
2420
3888
4322
12257
5324
8153
4019
3527
12519
3324
7984
11460
10581
12832
4448
12879
346
3109
2037
2153
2187
4769
5862
3454
7304
10068
3335
10431
1130
12920
11736
2928
12517
1390
634
7113
7775
5741
1214
4624
11481
4676
9972
2883
1317
6528
908
5309
8179
1819
1575
4403
8465
2196
8579
9947
1666
2710
412
12421
4066
2786
8541
3879
10207
6314
6495
2696
7558
11424
10517
13013
12474
645
3258
11775
3842
8891
12533
1628
1243
5259
12186
12239
9358
5073
856
8150
9751
5395
9981
1192
737
11780
714
4757
5944
4285
1957
3714
7701
1829
7275
2720
9839
10595
7323
10641
319
11234
2593
7404
11990
6775
12055
5983
5487
8545
8984
8869
1406
8117
12933
6396
7211
872
7564
8429
3265
939
6043
9114
2118
5995
6813
12598
1075
53
11130
11368
4336
4026
12344
12163
4483
6247
12550
4429
9497
7979
11358
10965
10088
12369
11661
7236
9746
7539
5128
12070
1157
9247
5934
11419
4915
5028
6946
4599
5030
10428
10044
3117
3542
4630
857
6776
6097
3415
9229
7080
13023
6557
1657
10475
12790
6587
10597
2536
2378
9077
4136
3611
5536
10916
2880
1087
9660
487
4435
5442
11373
1671
12078
6316
11071
8928
11810
1140
2843
4684
1926
688
5731
4068
12818
2212
13017
4086
3162
11822
5407
1371
10078
4612
964
4380
1841
12665
607
9575
281
3035
1793
806
2803
250
5119
10883
12696
2516
8746
10670
4033
11283
3937
8277
10848
1712
8693
5963
12473
3392
1023
8242
6840
4211
10299
5777
1546
11512
10412
10303
11905
5219
9650
5086
10564
7294
4342
3288
10501
5875
3147
3229
1165
965
1833
2084
3664
12409
1090
3243
7634
5549
910
6760
4957
963
9945
11650
5900
2840
9893
6887
7453
7519
7248
11173
7865
2185
4107
6449
8137
4976
4011
3838
899
6149
7835
2344
35
1824
4562
4506
2174
5265
9711
12241
4424
6737
2636
5406
7079
10966
8364
7475
11902
1449
8538
10321
10733
10773
3981
2290
1716
3771
10929
1514
2242
2175
5629
6166
7652
6045
3158
2980
323
11430
12552
4332
2919
9622
2796
1203
11875
1078
2518
6039
12228
3852
10742
11752
8990
5783
3591
2415
6902
11048
6441
10183
4002
8203
9532
11709
3154
3797
9880
9080
10589
5042
1503
11
2235
10022
6402
1907
580
4270
12926
6144
11143
10206
7818
6841
3054
4349
10771
11301
11838
11908
707
8799
3550
3885
1742
2263
12935
10683
2207
7806
12728
796
11713
6259
252
2470
12686
11275
3381
12211
7271
7264
1779
10204
12541
5666
9567
978
7680
8250
5830
10490
1865
11653
9620
8100
7310
3368
4768
1064
2709
4314
6652
819
13031
5585
1076
2102
4453
3414
11666
2955
12086
3991
12422
3517
5404
10064
7957
13004
5262
11157
7914
6235
8736
5378
11333
7893
2297
8761
12124
8240
11264
2292
12558
7554
2052
10762
7792
9977
6182
10839
6377
3858
787
7849
2324
5746
809
12399
6111
2009
579
3165
850
1544
11162
417
1629
9375
1609
1051
452
12064
1006
61
10
3761
6933
9900
1366
9459
4328
3733
2023
1297
6664
5106
8418
8051
6531
10803
6267
9549
11464
7937
5736
11137
9502
4673
5915
11603
1550
12242
10554
8642
10720
9371
5036
8536
10879
12157
9787
10270
1156
11091
9521
564
8475
3906
6823
7052
9290
405
8067
3812
1327
7954
6124
48
10811
3032
8586
5269
6021
11599
9574
11948
7255
11018
5866
2956
4318
12830
7685
9953
685
1885
6703
2190
5033
6732
5231
12703
9482
4022
11065
3573
6113
8812
12131
4014
3115
11001
2126
9621
7910
8004
4075
6786
8806
7832
3610
6500
9370
1624
2012
4641
4629
11954
12579
7529
10040
1088
8209
226
916
4088
8827
12772
5350
5620
7109
12777
11550
12433
2882
9966
6438
3600
9479
11572
9020
7006
4105
12611
11483
404
5864
12388
11867
2075
10217
8273
12706
11256
1587
555
3723
10680
687
10539
127
11116
7005
11504
5022
9965
5537
9646
11469
6433
6368
8213
11609
326
6168
8314
12222
10434
11170
5556
12636
7405
2288
8373
4770
3506
7800
1488
3237
12267
10849
1391
1811
12902
6490
8412
2076
12005
413
4853
9151
1632
1486
12612
11354
11773
2004
6460
9217
1050
11073
10245
12569
11019
7349
1296
4642
11999
1152
4331
2598
12656
556
627
9343
795
74
6249
10918
12137
9840
7305
2491
9289
4495
4345
11697
10503
6118
5565
1877
4109
1588
7181
581
11747
9267
991
10039
7132
1667
5562
6574
10465
2525
10445
10120
1404
6044
1340
10806
8801
3100
3788
5822
9155
889
2795
11518
4005
4658
4494
10146
2906
5471
3012
732
3831
3934
8283
3708
4125
5428
5049
8469
1499
7436
12910
1836
11365
10311
11232
2066
3386
6519
3803
535
9315
5698
4313
6565
760
3650
4280
1524
4485
2760
1535
1659
7010
9261
4386
11590
2634
5060
4603
11134
8217
10453
12901
11431
7029
9087
3501
1438
5345
4035
6633
7738
4906
7467
13008
12557
8124
10189
2445
6075
11041
6008
4315
9099
1319
2907
5447
776
6886
3961
6457
9904
9461
2889
9776
11455
12149
9934
7885
11613
1774
12204
495
6788
4861
10241
8049
6766
3565
2214
5624
8510
9268
10001
1525
9048
9428
3106
11437
10688
9824
4290
6799
1407
4255
2511
1938
6285
9487
6465
1046
7340
7968
4870
11802
11559
114
9560
11543
12136
6906
4659
11964
1468
12299
6898
11300
11924
3488
7888
12951
8441
8906
11968
3523
1560
12499
4682
5426
12355
12317
1264
3867
1738
9515
11259
2499
8604
11206
8476
4778
4372
10754
1751
5390
3286
168
8022
6819
83
3146
6069
1741
21
11321
1173
8435
5243
4440
2555
297
3856
91
4428
2077
3516
3729
831
10257
2892
10438
3702
3
7692
9165
4375
8107
540
1866
10858
1993
519
10826
12240
4590
8290
5247
4925
10555
4570
5796
5142
7284
4729
3400
3111
5140
11544
6781
9873
4165
286
109
3476
8894
3034
12098
12681
2088
5590
12817
11218
6132
10456
7172
9510
337
1080
4229
7202
11308
4480
9771
7814
3559
8043
9950
3651
5910
2446
11032
12618
312
5064
9129
7193
997
10897
10962
4551
7846
10807
10219
10816
8375
10332
7909
11517
5841
6036
12468
4055
10036
481
10381
6736
10336
4466
5418
9142
5709
12251
7126
9264
1869
12861
8436
9493
7602
10823
8141
12886
11447
6387
8064
6608
1689
9710
2308
2722
3433
2861
5462
4417
9044
10327
11349
4264
4243
2829
11480
11090
7379
6701
7051
12502
6833
4149
1116
9864
6907
5388
8893
11846
153
10765
9488
9792
13000
8600
12467
11352
3426
3168
4155
11177
9564
1154
1844
2142
5325
8630
9485
1242
12218
12389
12801
822
1354
2849
485
13028
12108
6274
3741
325
2876
12028
2558
6359
3892
4168
6467
3385
10319
8392
4242
12303
995
775
9762
7455
4131
9630
9481
12066
6406
12244
967
999
3716
11385
5973
10160
7931
4406
1180
9118
1092
3572
1177
5162
5409
10986
8563
7753
7081
8487
5496
10432
8371
10602
1241
1487
11313
10231
2071
12229
8815
8171
8281
3623
6807
415
11043
6914
1236
10498
13058
8907
12151
10255
12395
8401
11479
12771
4443
2259
6780
8327
2565
11755
5792
4636
5976
2770
10898
2336
4938
7092
7867
602
6306
11527
5
2965
7560
7487
11080
8077
1989
10637
7941
6430
10845
11495
2374
3212
457
12962
10370
9624
7017
1324
8509
9806
7324
5539
1475
7468
8332
12663
1567
5338
3841
6116
7594
4735
1804
5314
6764
3718
8892
7239
5557
11226
12339
284
12644
4130
7476
9463
11553
11064
6564
12436
12911
4259
306
7823
311
1281
5379
1606
4516
5644
5177
9194
3483
5168
7470
10706
9056
8584
3398
10392
9469
6127
6855
11828
9783
6830
5681
12333
11265
4008
8219
10725
10907
1510
8743
1600
7568
12046
10188
2841
5954
8865
8725
5342
11915
6205
3956
10013
1459
11934
9265
9468
8489
11078
771
9220
6770
2020
3545
11294
780
5202
209
3407
9601
9186
7135
8346
11623
7703
12201
11397
7115
482
1430
9603
1743
12434
7148
12380
7251
10976
6399
10841
7054
9257
11963
6000
11323
1551
8409
5453
10275
5604
3143
12588
6212
2951
9522
258
11000
12238
3492
9210
9103
12428
7411
12312
1557
11891
398
12918
4926
8017
10799
10987
12007
4493
30
7031
5811
10904
1812
5778
10439
4962
2877
833
1089
1754
12551
538
1635
989
4062
4352
12400
2737
11706
5485
1198
2832
1338
8002
4018
10399
4504
9613
6375
1402
12878
7593
8685
6297
7164
3749
2163
1484
2055
4514
10437
1118
11665
7285
1365
8667
98
4048
8485
4993
1353
3606
12331
8881
8773
2991
6550
5718
11952
129
3519
7252
11575
2653
4081
3711
471
4061
11387
11120
318
5181
9458
10530
2662
11732
1654
6176
7828
1722
7772
11890
9844
8157
8098
1318
10797
8306
12254
10640
10468
11458
13065
597
12664
6033
9636
6958
4265
11380
4451
8358
4063
8972
6939
2085
1894
3620
2061
8719
1643
1863
12485
10312
1364
2862
9140
3101
199
9361
2377
3317
11416
9809
2405
2309
1208
9110
1977
3298
516
3328
5979
2792
6414
2635
6782
2508
12250
4287
7993
7522
2481
6505
5881
3401
10233
414
7449
4868
10763
1914
3082
4124
8855
6809
9504
3481
4720
4869
4337
7972
400
428
12076
3695
5274
6996
12849
8504
11459
9134
10308
2011
8800
10441
3642
10875
7821
901
10767
4528
8033
4091
8159
7507
9747
1764
6560
4050
12158
1019
11986
6863
10532
2358
5918
12169
11674
8534
468
10000
8300
6328
10941
9214
8646
10187
2805
12451
7687
1823
8151
5776
4527
11209
3081
5025
11056
8954
3633
3445
4452
7413
4864
8950
3826
10404
9387
9926
10836
1695
5465
9909
720
7684
4029
10489
3773
3088
5999
3995
6577
10743
12998
11369
5021
6128
10112
11635
2351
12992
7386
11753
12600
12825
5248
7347
12666
5117
55
9688
1048
6050
358
3037
10376
3666
11449
10220
12394
3078
10695
10528
68
8804
134
3279
2833
662
3766
6762
12019
9605
2806
13073
43
7232
912
11929
4718
1515
3283
1719
2970
2897
3799
11079
7136
5250
3216
3161
12741
11889
34
11632
12429
8264
5196
9767
724
8116
803
3758
7258
10679
4456
11269
10003
7186
2256
684
6581
681
2727
10949
7712
6656
7877
11094
11502
8003
9724
6849
674
3072
11667
11008
8997
2164
4581
1571
7586
11432
879
2390
10509
6354
583
11776
12348
11498
11242
6367
3613
9923
6635
996
8363
9426
5828
12874
11263
4434
7035
12116
7640
2823
3982
9163
120
233
11933
5476
5805
1723
8580
3825
6
3832
8438
9326
11807
5965
10620
948
6382
3361
983
4732
5360
9828
12023
695
4340
5691
423
9615
11966
3966
11859
1342
3507
8081
2414
12845
4664
12401
6076
4225
9992
10796
11877
9604
4731
7154
8325
8918
11596
504
8546
12017
11876
10008
12060
12606
11671
3300
10583
241
4632
362
3227
7659
9835
9948
4523
5832
10357
11279
8565
197
7892
11507
2512
1424
5835
8776
1393
12361
790
7744
2150
9562
6962
774
12566
9742
1482
2776
12521
11347
3196
1948
3373
6416
5889
5873
6543
12978
5433
9509
4108
8654
12188
5688
2619
8118
190
294
11746
6920
1616
2000
4678
2410
11742
10536
5611
8154
3113
700
11105
13020
11211
12532
515
11997
4929
11306
4096
7443
6865
1708
8940
10920
154
11355
2143
5593
5391
6011
263
13012
2086
7002
2984
10609
1923
1884
9435
2457
2172
6245
12097
1939
5397
