4659
1142
4029
1200
6485
662
8302
4612
809
2558
12419
6928
2478
11483
7424
9645
7758
8426
7596
9824
1050
5388
3527
5196
3507
11466
944
12348
818
9904
12251
658
10183
9579
9678
8906
12517
1490
12920
6780
2864
9626
10563
10960
1448
11866
12397
2262
5190
6132
608
1088
12883
1567
11603
9945
8409
9222
1624
9907
11245
11317
5792
7813
1531
2243
12257
7436
8603
1137
1133
8973
10040
11283
6369
3381
585
5835
4814
8248
10918
7037
5865
3578
7507
84
10327
11807
7159
6912
1717
12619
10840
1619
4140
9991
11368
10237
7614
7653
11507
679
10700
732
9913
5900
11846
5705
9954
4180
1627
5371
8708
183
1057
6743
11292
570
5516
9355
10661
11518
7984
2350
8231
8077
77
11571
11095
6109
9793
2463
3766
4131
12900
11071
2928
11323
9480
6360
3128
54
1767
5562
11308
1430
11661
1636
9393
10245
6842
6441
3271
4086
6264
3852
1551
10571
10086
7253
10941
8766
13028
1331
7054
9933
10029
8242
3815
7698
12400
953
1558
4877
3250
1062
12693
10725
9358
2511
4347
12647
4567
11024
12706
10363
3389
13008
6508
11870
11485
10650
11154
3510
4526
7279
5976
9209
11648
7528
4322
8338
398
5814
3956
5999
12118
4664
1152
10459
5114
8561
4931
4724
10806
7456
11699
10843
12076
1657
7427
8835
1628
6651
2735
6424
1026
6430
11162
12917
11176
2651
6495
9176
9110
3633
11026
2097
7041
831
4945
7568
4278
11746
4331
11802
2066
5049
5934
10204
1001
11905
860
1423
9708
12611
4280
1517
428
4183
12229
8436
8404
9567
3683
4473
4477
12581
9714
11275
1208
9371
1492
12082
3081
8812
4386
3532
9190
11954
8702
7027
13025
3686
1039
793
1297
8294
6505
3353
6270
1503
10907
8208
9866
1748
11817
6333
8211
5366
5094
11595
7451
5501
81
4103
1692
4710
1881
4779
11990
1079
12711
9940
1236
4906
2653
7060
4352
9596
11778
5973
2095
3334
10916
3585
12676
11775
9302
4863
6125
2377
10216
8429
12052
9145
4143
4722
1092
12486
580
6030
1181
6166
2144
2017
11223
12168
7126
3556
9343
2516
2818
12512
1038
3223
7929
10483
1950
5875
2873
7907
2445
5333
7956
11810
4318
1037
2094
7720
2920
4259
3242
4345
4293
339
3601
297
3383
2114
3795
10358
3476
11877
5984
7116
8721
10774
1986
5729
7158
12056
6902
9210
8881
2185
8373
3288
8219
10939
8203
3517
10370
4032
4751
5857
8412
3794
12422
4889
8657
7692
10901
4636
6897
10555
357
13044
11019
5910
1643
8596
288
3335
6546
7006
4168
2454
5905
6457
8772
2252
10188
11240
3012
7015
8209
1873
6741
1355
1306
5250
5649
9998
155
3559
2208
6804
4586
9112
9869
1573
8262
2895
55
8314
13027
9906
1391
7466
12936
989
8761
94
6433
10767
5243
3346
12238
9934
2919
3495
5813
6519
7979
8384
5745
9375
6942
2159
1710
10683
11000
104
12864
11267
10904
2415
3968
12149
8918
6812
8280
9413
1265
4848
2562
5556
11536
7944
2537
8237
6076
6337
3201
196
9865
9479
2299
1695
5517
7469
263
9420
469
7327
970
11786
11049
1458
3168
12784
3949
3165
10498
9046
11379
12575
11491
12853
7055
10656
2790
8329
899
9007
8233
48
9312
11524
4490
1150
10525
12260
5187
11378
4509
6556
527
2333
10206
9018
12379
1603
5600
8321
12825
10219
9432
9035
4303
3391
2781
8763
11892
8974
11728
2987
7842
4785
7500
208
6408
2083
8566
8126
397
11660
3463
9200
9286
6475
6538
956
3879
4037
3689
8518
12628
11005
5750
380
4020
10440
4088
382
5217
11506
1277
5284
12034
11917
969
3584
12820
8491
2819
8637
6972
12142
5020
10309
8170
6452
1144
1650
8923
8771
6286
5980
9719
3387
3235
8046
5468
10104
11490
12506
3946
11756
6641
10693
1474
12930
4072
1203
11059
9983
8755
3491
6159
7538
8997
9832
4800
2854
11596
691
6628
3348
2011
6026
6729
7533
9281
235
11215
287
9899
7724
3758
2079
7493
6137
13034
4875
2692
6062
12367
6946
8326
8966
7052
2786
9737
9199
4437
2039
6357
2229
1938
1330
5493
11092
5949
12630
7154
625
4467
9351
3031
936
9153
11768
749
11173
12194
6613
9073
7233
9727
5167
5246
6658
2848
8201
5148
12972
1694
6023
3427
11957
9183
1141
5218
4584
3519
3154
223
5561
2238
2476
2058
3608
1670
12950
5953
12860
1476
10057
7285
5412
12254
3530
4703
12659
9151
1658
4591
11189
1180
7993
10977
808
10443
3308
10139
6177
6887
6855
3259
9835
12069
5022
1380
12902
11601
4201
11206
9383
5851
7741
10262
9563
6879
7396
8506
9327
296
6965
9052
4423
6358
12210
3372
6146
7928
12587
1502
7687
9756
700
10230
6675
7671
12392
6610
2363
9437
1561
8676
10475
11048
8087
6144
8440
9525
12185
6898
7683
6249
9004
4501
4116
4358
3273
5040
1065
12788
11582
10228
11165
6750
5990
9258
8453
9716
2738
11972
8229
6882
8034
12401
5201
5789
620
11825
6327
8715
5717
2398
7164
11789
6204
9864
8992
7294
11677
6901
5782
10921
10457
5518
4135
7856
1988
8354
12609
7915
11196
12001
2615
3449
4323
4161
11303
9331
10113
6716
12887
11826
6994
5125
6377
10732
5991
10546
4611
7063
3180
8828
11643
4957
10329
6744
11999
3027
12542
5861
5145
863
2768
5787
8956
9298
10994
12584
6040
5964
6551
442
6608
993
12522
12945
10813
313
3570
4790
1130
267
12970
12866
1307
3619
6297
11889
6033
8949
7182
2175
6260
10511
1901
9068
7151
1288
2736
8831
9088
11017
6237
11025
2915
12461
4465
4649
4678
3200
3814
7560
9399
2772
7101
2282
6764
958
6312
8029
11854
6230
11543
5482
9533
12553
4507
2219
4643
11376
1693
7371
6718
8953
8382
7938
10227
3589
3908
8327
3487
4443
10438
6004
10374
12328
9402
2716
8976
2001
3952
9388
3019
10561
11384
51
10997
6577
6236
5475
4147
11891
3888
12948
2783
8140
177
10823
10834
800
4394
10778
1341
8530
7672
11094
2115
4747
6214
10022
11101
