4659
1142
4029
1200
6485
662
8302
4612
809
2558
12419
6928
2478
11483
7424
9645
7758
8426
7596
9824
1050
5388
3527
5196
3507
11466
944
12348
818
9904
12251
658
10183
9579
9678
8906
12517
1490
12920
6780
2864
9626
10563
10960
1448
11866
12397
2262
5190
6132
608
1088
12883
1567
11603
9945
8409
9222
1624
9907
11245
11317
5792
7813
1531
2243
12257
7436
8603
1137
1133
8973
10040
11283
6369
3381
585
5835
4814
8248
10918
7037
5865
3578
7507
84
10327
11807
7159
6912
1717
12619
10840
1619
4140
9991
11368
10237
7614
7653
11507
679
10700
732
9913
5900
11846
5705
9954
4180
1627
5371
8708
183
1057
6743
11292
570
5516
9355
10661
11518
7984
2350
8231
8077
77
11571
11095
6109
9793
2463
3766
4131
12900
11071
2928
11323
9480
6360
3128
54
1767
5562
11308
1430
11661
1636
9393
10245
6842
6441
3271
4086
6264
3852
1551
10571
10086
7253
10941
8766
13028
1331
7054
9933
10029
8242
3815
7698
12400
953
1558
4877
3250
1062
12693
10725
9358
2511
4347
12647
4567
11024
12706
10363
3389
13008
6508
11870
11485
10650
11154
3510
4526
7279
5976
9209
11648
7528
4322
8338
398
5814
3956
5999
12118
4664
1152
10459
5114
8561
4931
4724
10806
7456
11699
10843
12076
1657
7427
8835
1628
6651
2735
6424
1026
6430
11162
12917
11176
2651
6495
9176
9110
3633
11026
2097
7041
831
4945
7568
4278
11746
4331
11802
2066
5049
5934
10204
1001
11905
860
1423
9708
12611
4280
1517
428
4183
12229
8436
8404
9567
3683
4473
4477
12581
9714
11275
1208
9371
1492
12082
3081
8812
4386
3532
9190
11954
8702
7027
13025
3686
1039
793
1297
8294
6505
3353
6270
1503
10907
8208
9866
1748
11817
6333
8211
5366
5094
11595
7451
5501
81
4103
1692
4710
1881
4779
11990
1079
12711
9940
1236
4906
2653
7060
4352
9596
11778
5973
2095
3334
10916
3585
12676
11775
9302
4863
6125
2377
10216
8429
12052
9145
4143
4722
1092
12486
580
6030
1181
6166
2144
2017
11223
12168
7126
3556
9343
2516
2818
12512
1038
3223
7929
10483
1950
5875
2873
7907
2445
5333
7956
11810
4318
1037
2094
7720
2920
4259
3242
4345
4293
339
3601
297
3383
2114
3795
10358
3476
11877
5984
7116
8721
10774
1986
5729
7158
12056
6902
9210
8881
2185
8373
3288
8219
10939
8203
3517
10370
4032
4751
5857
8412
3794
12422
4889
8657
7692
10901
4636
6897
10555
357
13044
11019
5910
1643
8596
288
3335
6546
7006
4168
2454
5905
6457
8772
2252
10188
11240
3012
7015
8209
1873
6741
1355
1306
5250
5649
9998
155
3559
2208
6804
4586
9112
9869
1573
8262
2895
55
8314
13027
9906
1391
7466
12936
989
8761
94
6433
10767
5243
3346
12238
9934
2919
3495
5813
6519
7979
8384
5745
9375
6942
2159
1710
10683
11000
104
12864
11267
10904
2415
3968
12149
8918
6812
8280
9413
1265
4848
2562
5556
11536
7944
