4659
1142
4029
1200
6485
662
8302
4612
809
2558
12419
6928
2478
11483
7424
9645
7758
8426
7596
9824
1050
5388
3527
5196
3507
11466
944
12348
818
9904
12251
658
10183
9579
9678
8906
12517
1490
12920
6780
2864
9626
10563
10960
1448
11866
12397
2262
5190
6132
608
1088
12883
1567
11603
9945
8409
9222
1624
9907
11245
11317
5792
7813
1531
2243
12257
7436
8603
1137
1133
8973
10040
11283
6369
3381
585
5835
4814
8248
10918
7037
5865
3578
7507
84
10327
11807
7159
6912
1717
12619
10840
1619
4140
9991
11368
10237
7614
7653
11507
679
10700
732
9913
5900
11846
5705
9954
4180
1627
5371
8708
183
1057
6743
11292
570
5516
9355
10661
11518
7984
2350
8231
8077
77
11571
11095
6109
9793
2463
3766
4131
12900
11071
2928
11323
9480
6360
3128
54
1767
5562
11308
1430
11661
1636
9393
10245
6842
6441
3271
4086
6264
3852
1551
10571
10086
7253
10941
8766
13028
1331
7054
9933
10029
8242
3815
7698
12400
953
1558
4877
3250
1062
12693
10725
9358
2511
4347
12647
4567
11024
12706
10363
3389
13008
6508
11870
11485
10650
11154
3510
4526
7279
5976
9209
11648
7528
4322
8338
398
5814
3956
5999
12118
4664
1152
10459
5114
8561
4931
4724
10806
7456
11699
10843
12076
1657
7427
8835
1628
6651
2735
6424
1026
6430
11162
12917
11176
2651
6495
9176
9110
3633
11026
2097
7041
831
4945
7568
4278
11746
4331
11802
2066
5049
5934
10204
1001
11905
860
1423
9708
12611
4280
1517
428
4183
12229
8436
8404
9567
3683
4473
4477
12581
9714
11275
1208
9371
1492
12082
3081
8812
4386
3532
9190
11954
8702
7027
13025
3686
1039
793
1297
8294
6505
3353
6270
1503
10907
8208
9866
1748
11817
6333
8211
5366
